 ==================  Single grid decomposition ================================
  g       gindex   ic    ir   lat   lon   nlandunits  ncolumns  npfts
 ---------------------------------------------------------------------------
  13241  39515     59    138   39.11   72.50      2      2     18
 
  g    gindex    luni    lunf   coli  colf   pfti   pftf
 ---------------------------------------------------------------------------
  13241  39515  21077  21078  42219  42220 169707 169724
 
  l    gridcell  wtgcell%  coli   colf   pfti   pftf     npfts   itype_lun
 ---------------------------------------------------------------------------
  21077  13241     73.00  42219  42219 169707 169723     17      1
  21078  13241     27.00  42220  42220 169724 169724      1      2
 
  c    landunit  wtlunit%  gridcell  wtgcell%  pfti   pftf  npfts   itype_col
 ---------------------------------------------------------------------------
  42219  21077    100.00  13241     73.00    169707 169723     17      1
  42220  21078    100.00  13241     27.00    169724 169724      1      1
 
  p    column     wtcol%  landunit  wtlunit%  gridcell  wtgcell%  itype_pft
 ---------------------------------------------------------------------------
 169707  42219     87.78  21077     87.78  13241     64.08      0
 169708  42219      0.00  21077      0.00  13241      0.00      1
 169709  42219      0.20  21077      0.20  13241      0.15      2
 169710  42219      0.00  21077      0.00  13241      0.00      3
 169711  42219      0.00  21077      0.00  13241      0.00      4
 169712  42219      0.00  21077      0.00  13241      0.00      5
 169713  42219      0.00  21077      0.00  13241      0.00      6
 169714  42219      0.00  21077      0.00  13241      0.00      7
 169715  42219      0.01  21077      0.01  13241      0.01      8
 169716  42219      0.00  21077      0.00  13241      0.00      9
 169717  42219      0.00  21077      0.00  13241      0.00     10
 169718  42219      2.72  21077      2.72  13241      1.98     11
 169719  42219      8.68  21077      8.68  13241      6.33     12
 169720  42219      0.61  21077      0.61  13241      0.45     13
 169721  42219      0.00  21077      0.00  13241      0.00     14
 169722  42219      0.00  21077      0.00  13241      0.00     15
 169723  42219      0.00  21077      0.00  13241      0.00     16
 169724  42220    100.00  21078    100.00  13241     27.00      0
 ===========================================================================
