
discover25:~/CESM/LIS-CLM4.5SP/pio-xlis-bld$ mpirun -np 1 ./single_col

 ==================  Single grid decomposition ================================
  g       gindex   ic    ir   lat   lon   nlandunits  ncolumns  npfts
 ---------------------------------------------------------------------------
  12762  38517    213    134   35.34  265.00      3      7     23

  g    gindex    luni    lunf   coli  colf   pfti   pftf
 ---------------------------------------------------------------------------
  12762  38517  19878  19880  38884  38890 158708 158730

  l    gridcell  wtgcell%  coli   colf   pfti   pftf     npfts   itype_lun
 ---------------------------------------------------------------------------
  19878  12762     94.88  38884  38884 158708 158724     17      1 (soil) 
  19879  12762      0.12  38885  38889 158725 158729      5      6 (urban) 
  19880  12762      5.00  38890  38890 158730 158730      1      3 (deep lake) 

  c    landunit  wtlunit%  gridcell  wtgcell%  pfti   pftf  npfts   itype_col
 ---------------------------------------------------------------------------
  38884  19878    100.00  12762     94.88    158708 158724     17      1 (soil) 
  38885  19879     50.00  12762      0.06    158725 158725      1     61 (urban roof)
  38886  19879     16.67  12762      0.02    158726 158726      1     62 (urban sunwall) 
  38887  19879     16.67  12762      0.02    158727 158727      1     63 (urban shadewall) 
  38888  19879      8.33  12762      0.01    158728 158728      1     64 (urban imp. rd) 
  38889  19879      8.33  12762      0.01    158729 158729      1     65 (urban perv. rd) 
  38890  19880    100.00  12762      5.00    158730 158730      1      1 (soil) 

  p    column     wtcol%  landunit  wtlunit%  gridcell  wtgcell%  itype_pft
 ---------------------------------------------------------------------------
 158708  38884      0.82  19878      0.82  12762      0.78      0 (not vegeated) 
 158709  38884     12.57  19878     12.57  12762     11.92      1 (ndlf egr tmp tree) 
 158710  38884      0.00  19878      0.00  12762      0.00      2
 158711  38884      0.00  19878      0.00  12762      0.00      3
 158712  38884      0.00  19878      0.00  12762      0.00      4
 158713  38884      0.00  19878      0.00  12762      0.00      5
 158714  38884      0.00  19878      0.00  12762      0.00      6
 158715  38884     25.68  19878     25.68  12762     24.36      7 (brdlf dec tmp tree) 
 158716  38884      0.00  19878      0.00  12762      0.00      8
 158717  38884      0.00  19878      0.00  12762      0.00      9
 158718  38884      0.00  19878      0.00  12762      0.00     10
 158719  38884      0.00  19878      0.00  12762      0.00     11
 158720  38884      0.00  19878      0.00  12762      0.00     12
 158721  38884     37.87  19878     37.87  12762     35.93     13 (c3 non-arctic grass) 
 158722  38884     22.67  19878     22.67  12762     21.51     14 (c4 grass) 
 158723  38884      0.40  19878      0.40  12762      0.38     15 (c3_crop) 
 158724  38884      0.00  19878      0.00  12762      0.00     16 (c3_irragated) 
 158725  38885    100.00  19879     50.00  12762      0.06      0
 158726  38886    100.00  19879     16.67  12762      0.02      0
 158727  38887    100.00  19879     16.67  12762      0.02      0
 158728  38888    100.00  19879      8.33  12762      0.01      0
 158729  38889    100.00  19879      8.33  12762      0.01      0
 158730  38890    100.00  19880    100.00  12762      5.00      0
 ===========================================================================
